Template: NONE
Palette: 2
EffectColorA: 3
EffectColorB: 5
PlacedObjects: WallLight><986.3992><659.3831><54.99994~-44~986.3992~659.3831~205~-473~-138~-26~-167~-477~0~0.5~0.423913~False~SkyColor~False~False~Always~Hard, LightSource><938.8098><630.4409><1~EffectColor1~20~117~50~86.60254~1~0~None~0~0, 
FadePalette: 3, 0.8043478
