Template: NONE
WaveSpeed: 0.4988658
WaveLength: 0.9994329
WaveAmplitude: 0.04416332
SecondWaveLength: 0.1666667
SecondWaveAmplitude: 0
Clouds: 0
Palette: 2
EffectColorA: 3
EffectColorB: 5
Effects: SandStorm-1-20-20, SurfaceSandstorm-0.3043478-238-74, LightRain-0.423913-30-30, 
FadePalette: 1, 0.5
