Template: NONE
Palette: 2
EffectColorA: 3
EffectColorB: 5
Effects: SandStorm-1-20-20, SurfaceSandstorm-0.3043478-30-30, LightRain-0.3043478-40-40, 
FadePalette: 1, 0.5108696, 0.5, 0.5
